function colors = load_colors()

colors = [...
    1,0,0; ...
    0,1,0; ...
    0,0,1; ...
    0,0,0; ...
    1,0,1; ...
    [255,127,39]/255; ...
    [0,162,232]/255; ...
    [163,73,164]/255; ...
    1,1,0; ...
    0,1,1; ...
    [136,0,21]/255; ...
    0.5,0.5,0.5; ...
    ];

end  % endfunction
